257,
257,
201,
257,
73,
201,
80,
257,
150,
73,
16,
201,
133,
80,
37,
257,
199,
150,
109,
73,
43,
16,
241,
201,
165,
133,
105,
80,
57,
37,
18,
257,
227,
199,
173,
150,
128,
109,
90,
73,
57,
43,
29,
16,
4,
241,
220,
201,
82,
165,
149,
133,
119,
105,
92,
80,
68,
57,
47,
37,
27,
18,
10,
257,
242,
227,
213,
199,
186,
173,
162,
150,
139,
128,
118,
109,
99,
90,
82, 
73,
65,
57,
50,
43,
36,
29,
23,
16,
10,
4,
252,
241,
230,
220,
210,
201,
191,
182,
173,
165,
157,
149,
141,
133,
126,
119,
112,
105,
99,
92,
86,
80,
74,
68,
63,
57,
52,
47,
42,
37,
32,
27,
23,
18,
14,
10,
6,
257,
250,
242,
234,
227,
220,
213,
206,
199,
192,
186,
180,
173, 
167,
162,
156,
150,
144,
139,
134,
128,
123,
118,
113,
109,
104,
99,
95,
90,
86,
82,
77,
73,
69,
65,
61,
57,
54,
50,
46,
43,
39,
36,
32,
29,
26,
23,
19,
16,
13,
10,
7,
4,
2,
252,
246,
241,
236,
230,
225,
220, 
215,
210,
205,
201,
196,
191,
187,
182,
178,
173,
169,
165,
161,
157,
153,
149,
145,
141,
137,
133,
130,
126,
122,
119,
115,
112, 
108,
105,
102,
99,
95,
92,
89,
86,
83,
80,
77,
74,
71,
68,
65,
63,
60,
57,
55,
52, 
49,
47,
44,
42,
39,
37,
34,
32,
30,
27,
25,
23,
20,
18,
16,
14,
12,
10,
8,
6,
4